583
522
652
582
543
552
642
643
602
713
592
713
673
381
593
632
592
603
703
542
773
542
512
673
632
583
642
462
632
593
562
763
602
472
572
623
592
603
632
663
733
592
622
573
652
623
562
693
632
472
613
672
522
653
652
643
602
663
602
532
613
552
582
703
502
562
623
652
623
683
622
522
542
572
663
562
633
693
552
522
632
583
622
673
532
542
612
603
582
703
532
542
592
603
622
573
622
683
522
492
562
572
603
652
633
532
623
592
622
593
602
693
522
492
552
582
573
592
763
542
492
563
592
562
572
603
592
502
572
603
592
623
632
532
583
542
572
562
582
623